site,A,C,D,E,F,G,H,I,K,L,M,N,P,Q,R,S,T,V,W,Y
1,0.0662292,0.0956303,0.00278832,2.90285e-06,0.0465076,0.113724,0.0176231,0.00047612,0.0145142,0.0311119,0.0996913,0.163075,0.0519624,0.000483242,0.00735842,0.0798597,0.192591,0.000483242,4.54784e-06,0.0158828
2,0.0371999,0.0203538,0.129538,0.154047,0.0022458,0.089712,0.058779,0.0197973,0.00657608,0.0207815,0.0848727,0.045168,0.0526087,0.051526,0.0106091,0.0361827,0.0209261,0.0617013,0.0563846,0.0409908
3,0.0551218,0.0847153,0.246347,0.256809,0.0514304,0.0307934,0.0138763,0.0138763,1.53518e-05,0.0379111,0.0301597,0.0205997,0.00854186,0.00477185,0.00974424,0.00625301,0.0179331,0.0165018,0.0558912,0.0387077
4,0.137318,0.0386227,0.14216,0.121211,0.0998282,0.00389433,0.0231249,0.0645066,0.00124089,0.0495693,0.0696174,0.00945695,0.0333907,0.0214273,0.000423777,0.0645066,0.0204124,0.0290683,0.0163518,0.0538687
5,0.0301449,0.0506974,0.301046,0.0732035,0.0203061,0.0236512,0.0543362,0.0426313,0.0123278,0.0637273,0.0392288,0.0150724,0.0336805,0.025525,0.0517627,0.0946047,0.0115822,0.0222208,0.000100401,0.0341506
6,0.0311856,0.0711509,0.00562873,0.0299153,0.10935,0.019874,0.0329638,0.0951947,0.0106502,0.0711509,0.126484,0.0292996,0.0696866,0.0882063,0.000266611,0.067781,0.0441032,0.0237987,0.0208621,0.0524478
7,0.00732614,0.0894527,0.0972113,0.134648,0.190422,0.0192002,0.0102892,0.0322908,0.00486707,0.0919675,0.0271532,0.0528215,0.01974,0.0173042,0.00187002,0.0285032,0.0154877,0.023475,0.130966,0.0050039
8,0.0119752,3.10766e-05,0.000285581,6.39861e-06,0.868254,0.000651562,0.0151576,0.00158225,0.000642591,0.018151,0.00378941,0.00554802,0.00146609,0.0242847,0.00024519,0.0150529,0.00152835,0.000143784,0.0148457,0.0163586
9,0.542771,0.000108554,0.000108554,0.000108554,0.000108554,0.190573,0.0222264,0.0570518,0.000181017,0.000114562,0.000111429,0.000177292,0.00196455,0.0226934,0.000714101,0.00033314,0.000108554,0.160252,0.000129785,0.000163142
10,0.0252382,0.310303,6.20606e-05,0.457471,6.20606e-05,6.37043e-05,6.20606e-05,7.52343e-05,0.0684764,6.20606e-05,0.0237118,0.024548,6.20606e-05,0.0103313,0.0781154,6.20606e-05,0.000143342,6.20606e-05,6.20606e-05,0.00102636
11,7.90209e-05,7.90209e-05,0.395104,7.90209e-05,7.90209e-05,7.90209e-05,0.0106745,0.00797835,0.000103384,0.00621645,0.000138321,0.000133609,0.00011392,0.264311,0.00415858,0.0014908,7.90209e-05,0.257083,0.00263187,0.0493881
12,0.0229218,0.02822,0.0390878,0.053767,0.165266,0.0345029,0.0439761,0.0588368,0.0153338,0.024567,0.00924484,0.00391401,0.0399092,0.0191417,0.0292152,0.00186432,0.0317492,0.0396335,0.18465,0.154199